1695073453247 66.10190556844076 1
1695077401831 131.91163085301716 2
1695081408733 198.69333226680754 3
1695085324154 263.95035334825513 4
1695089302128 330.24991393089294 5
1695093249531 396.03996967077256 6
1695097184650 461.625290397803 7
1695101150925 527.7298593560855 8
1695103897812 573.5113143761953 9
1695106245904 612.646181901296 10
1695108741204 654.2345165848732 11
1695111089368 693.3705798665683 12
1695113436556 732.490379412969 13
1695115782352 771.5869816184044 14
1695118131244 810.7351820906003 15
1695120490397 850.0543870528539 16
1695122838476 889.1890423258145 17
1695125184656 928.2920465230942 18
1695127531912 967.4129809617996 19
1695129880760 1006.560448884964 20
1695132319152 1047.2003141880036 21
1695134666705 1086.3261934081713 22
1695137025688 1125.642582865556 23
1695139379488 1164.8725868741672 24
1695141732516 1204.0897177139918 25
1695144102837 1243.5950668732326 26
1695146504576 1283.6240464568139 27
1695148915128 1323.7999132156372 28
1695151315199 1363.801097591718 29
1695153692368 1403.4205803593 30
1695156147160 1444.333780002594 31
1695158497642 1483.508487689495 32
1695160845156 1522.6337146162987 33
1695163192808 1561.761247909069 34
1695165538644 1600.8585132757823 35
1695167883148 1639.9335806926092 36
1695170228622 1679.0248215635618 37
1695172602260 1718.585446580251 38
1695174947996 1757.681047419707 39
1695177294868 1796.7955798228581 40
1695179728560 1837.3571133176486 41
1695182071884 1876.412513299783 42
1695184416440 1915.4884478052456 43
1695186760548 1954.5569133838019 44
1695189103760 1993.6104469299316 45
1695191445684 2032.6425126711526 46
1695193784875 2071.6290356000263 47
1695196123316 2110.603045415878 48
1695198465284 2149.6358457008996 49
1695200805240 2188.6351128260294 50
1695203253480 2229.4391133507092 51
1695205595452 2268.471980571747 52
1695207934392 2307.4543142437933 53
1695210272396 2346.4210462172828 54
1695212610684 2385.3925143678985 55
1695214948676 2424.359046475093 56
1695217286692 2463.3259789148965 57
1695219623472 2502.272313074271 58
1695221961980 2541.247445722421 59
1695224301588 2580.240912314256 60
1695226773815 2621.4446925759316 61
1695229116434 2660.488342475891 62
1695231456288 2699.4859121839204 63
1695233798236 2738.5183814764023 64
1695236154089 2777.7826007882754 65
1695238540663 2817.558833885193 66
1695240901469 2856.9056023716926 67
1695243263480 2896.272451575597 68
1695245613664 2935.4421873966853 69
1695247987304 2975.0028438886006 70
1695250442769 3015.9272617816923 71
1695252796259 3055.152100598812 72
1695255173734 3094.77667602698 73
1695257547099 3134.332762126128 74
1695259923563 3173.940500450134 75
1695262292957 3213.4303969542184 76
1695264668356 3253.0203844706216 77
1695267053665 3292.7755362033845 78
1695269396915 3331.8296937068303 79
1695271737998 3370.8477459788323 80
1695274133399 3410.771098768711 81
1695276474821 3449.794793713093 82
1695278814433 3488.7883358200393 83
1695281154863 3527.7955013593037 84
1695283494532 3566.7899818778037 85
1695285837398 3605.8377421975138 86
1695288178699 3644.8594272613527 87
1695290522407 3683.921228726705 88
1695292867177 3723.000725376606 89
1695295203593 3761.9410070021945 90
1695297616576 3802.157383986314 91
1695299955860 3841.1454484979313 92
1695302294876 3880.1290480454763 93
1695304634219 3919.118101243178 94
1695306968487 3958.022564180692 95
1695309306491 3996.989304594199 96
1695311643757 4035.943729488055 97
1695313979618 4074.874747633934 98
1695316314141 4113.783468564351 99
1695318651249 4152.735261909167 100
