1695073453212 0.08840397000312805 1
1695077401807 0.04332205653190613 2
1695081408688 0.024555714800953865 3
1695085324094 0.016089696437120438 4
1695089302059 0.0117036122828722 5
1695093249489 0.010729088447988033 6
1695097184602 0.008823037147521973 7
1695101150669 0.007898312993347645 8
1695103897641 0.007200079970061779 9
1695106245792 0.006522028706967831 10
1695108741021 0.006020940840244293 11
1695111089299 0.005506349727511406 12
1695113436486 0.004847083706408739 13
1695115782173 0.004615607671439648 14
1695118131178 0.004464813508093357 15
1695120490220 0.004806169308722019 16
1695122838453 0.004352566320449114 17
1695125184591 0.0034706993028521538 18
1695127531747 0.0029669790528714657 19
1695129880553 0.003424301277846098 20
1695132318985 0.0036313217133283615 21
1695134666677 0.0032954197376966476 22
1695137025618 0.003992945421487093 23
1695139379355 0.003017451846972108 24
1695141732449 0.0027072031516581774 25
