1695073453227 98.77299499511719 1
1695077401815 99.55299377441406 2
1695081408717 99.79999542236328 3
1695085324113 99.66500091552734 4
1695089302080 99.90799713134766 5
1695093249516 99.91299438476562 6
1695097184628 99.66899871826172 7
1695101150907 99.8489990234375 8
1695103897764 99.96599578857422 9
1695106245812 99.90799713134766 10
1695108741108 99.91299438476562 11
1695111089320 99.9699935913086 12
1695113436508 99.96599578857422 13
1695115782304 99.9219970703125 14
1695118131196 99.9699935913086 15
1695120490300 99.97899627685547 16
1695122838462 99.9749984741211 17
1695125184608 99.98799896240234 18
1695127531864 99.9739990234375 19
1695129880712 99.99199676513672 20
1695132319056 99.98200225830078 21
1695134666687 99.88099670410156 22
1695137025644 99.98999786376953 23
1695139379388 99.93899536132812 24
1695141732468 99.96099853515625 25
1695144102818 99.9739990234375 26
1695146504538 99.99299621582031 27
1695148915076 99.97699737548828 28
1695151315171 99.98899841308594 29
1695153692304 99.90099334716797 30
1695156147108 99.99099731445312 31
1695158497620 99.9939956665039 32
1695160845108 99.98899841308594 33
1695163192708 99.98699951171875 34
1695165538592 99.94999694824219 35
1695167883100 99.97699737548828 36
1695170228603 99.98899841308594 37
1695172602212 99.98699951171875 38
1695174947900 99.97599792480469 39
1695177294820 99.9959945678711 40
1695179728512 99.99299621582031 41
1695182071836 99.9959945678711 42
1695184416388 99.9990005493164 43
1695186760460 99.9699935913086 44
1695189103712 99.95600128173828 45
1695191445636 99.9959945678711 46
1695193784861 99.9489974975586 47
1695196123267 99.99500274658203 48
1695198465188 99.9959945678711 49
1695200805196 99.98099517822266 50
1695203253428 99.99299621582031 51
1695205595404 99.9990005493164 52
1695207934344 99.9939956665039 53
1695210272292 100.0 54
1695212610600 99.99800109863281 55
1695214948628 99.9990005493164 56
1695217286604 99.9959945678711 57
1695219623420 99.98399353027344 58
1695221961932 99.9990005493164 59
1695224301540 99.9959945678711 60
1695226773794 99.99199676513672 61
1695229116358 99.94099426269531 62
1695231456240 99.98799896240234 63
1695233798196 99.99299621582031 64
1695236154069 99.9959945678711 65
1695238540636 99.98200225830078 66
1695240901413 99.9729995727539 67
1695243263465 99.98399353027344 68
1695245613511 99.98799896240234 69
1695247987288 99.97999572753906 70
1695250442719 99.98999786376953 71
1695252796231 99.98299407958984 72
1695255173540 99.96599578857422 73
1695257546824 99.95500183105469 74
1695259923540 99.97699737548828 75
1695262292934 99.97799682617188 76
1695264668325 99.96499633789062 77
1695267053651 99.99199676513672 78
1695269396899 99.99699401855469 79
1695271737984 99.98799896240234 80
1695274133382 99.99699401855469 81
1695276474800 99.99299621582031 82
1695278814412 99.9939956665039 83
1695281154848 99.9990005493164 84
1695283494480 99.95999908447266 85
1695285837381 99.98699951171875 86
1695288178674 99.9939956665039 87
1695290522391 99.99099731445312 88
1695292867162 99.99199676513672 89
1695295203580 99.98399353027344 90
1695297616562 99.98899841308594 91
1695299955840 99.92500305175781 92
1695302294828 99.9489974975586 93
1695304634205 99.96299743652344 94
1695306968468 99.96399688720703 95
1695309306475 99.88800048828125 96
1695311643738 99.97899627685547 97
1695313979593 99.98899841308594 98
1695316314124 99.99299621582031 99
1695318651234 99.98500061035156 100
